12/07/2021,ALC MICRO BC IN     ,1247.40,,13709.89
12/08/2021,SEND E-TFR ***gWC   ,89.25,,13620.64
12/08/2021,SEND E-TFR ***bfE   ,206.03,,13414.61
12/08/2021,TD ATM DEP    005956,,1643.25,15057.86
12/09/2021,E-TRANSFER ***V9b   ,,367.50,15425.36
12/09/2021,TD ATM DEP    002032,,1554.00,16979.36
12/14/2021,IOL PAY TO: CRA     ,508.48,,16470.88
12/15/2021,TD ATM DEP    003529,,1186.50,17657.38
12/15/2021,GC 9713-DEPOSIT     ,,525.00,18182.38
12/15/2021,GC 9713-DEPOSIT     ,,672.00,18854.38
12/15/2021,GC 9713-CASH WITHDRA,8000.00,,10854.38
12/15/2021,ALC MICRO BC IN     ,727.65,,10126.73
12/20/2021,TD ATM DEP    004542,,2500.00,12626.73
12/20/2021,E-TRANSFER ***yVq   ,,682.50,13309.23
12/20/2021,E-TRANSFER ***Gmw   ,,987.00,14296.23
12/20/2021,TD ATM DEP    004903,,800.00,15096.23
12/20/2021,TD ATM DEP    004905,,1333.50,16429.73
12/20/2021,ALC MICRO BC IN     ,1381.59,,15048.14
12/21/2021,K9H2K9 TFR-TO MING  ,3048.14,,12000.00
12/22/2021,GC 0281-DEPOSIT     ,,567.00,12567.00
12/22/2021,GC 0281-DEPOSIT     ,,1554.00,14121.00
12/24/2021,TD ATM DEP    006439,,1249.00,15370.00
12/24/2021,TD ATM DEP    006441,,703.50,16073.50
12/24/2021,E-TRANSFER ***ZAA   ,,756.00,16829.50
12/24/2021,SEND E-TFR ***DuX   ,110.25,,16719.25
12/24/2021,SEND E-TFR FEE      ,1.50,,16717.75
12/29/2021,TD ATM DEP    007105,,640.00,17357.75
12/29/2021,TD ATM DEP    007361,,720.00,18077.75
12/29/2021,TD ATM DEP    007363,,2194.50,20272.25
12/29/2021,ALC MICRO BC IN     ,838.32,,19433.93
12/29/2021,TD ATM DEP    001794,,913.50,20347.43
12/31/2021,TD ATM DEP    008085,,2352.00,22699.43
12/31/2021,MONTHLY PLAN FEE    ,19.00,,22680.43
12/31/2021,SERVICE CHARGE      ,26.25,,22654.18
01/04/2022,TD ATM DEP    008510,,800.00,23454.18
01/04/2022,CHQ#00372-3143907848,200.00,,23254.18
01/04/2022,CHQ#00364-4140472293,945.00,,22309.18
01/05/2022,TD ATM DEP    009466,,178.50,22487.68
12/20/2021,TD ATM DEP    004542,,2500.00,12626.73
12/20/2021,E-TRANSFER ***yVq   ,,682.50,13309.23
12/20/2021,E-TRANSFER ***Gmw   ,,987.00,14296.23
12/20/2021,TD ATM DEP    004903,,800.00,15096.23
12/20/2021,TD ATM DEP    004905,,1333.50,16429.73
12/20/2021,ALC MICRO BC IN     ,1381.59,,15048.14
12/21/2021,K9H2K9 TFR-TO MING  ,3048.14,,12000.00
12/22/2021,GC 0281-DEPOSIT     ,,567.00,12567.00
12/22/2021,GC 0281-DEPOSIT     ,,1554.00,14121.00
12/24/2021,TD ATM DEP    006439,,1249.00,15370.00
12/24/2021,TD ATM DEP    006441,,703.50,16073.50
12/24/2021,E-TRANSFER ***ZAA   ,,756.00,16829.50
12/24/2021,SEND E-TFR ***DuX   ,110.25,,16719.25
12/24/2021,SEND E-TFR FEE      ,1.50,,16717.75
12/29/2021,TD ATM DEP    007105,,640.00,17357.75
12/29/2021,TD ATM DEP    007361,,720.00,18077.75
12/29/2021,TD ATM DEP    007363,,2194.50,20272.25
12/29/2021,ALC MICRO BC IN     ,838.32,,19433.93
12/29/2021,TD ATM DEP    001794,,913.50,20347.43
12/31/2021,TD ATM DEP    008085,,2352.00,22699.43
12/31/2021,MONTHLY PLAN FEE    ,19.00,,22680.43
12/31/2021,SERVICE CHARGE      ,26.25,,22654.18
01/04/2022,TD ATM DEP    008510,,800.00,23454.18
01/04/2022,CHQ#00372-3143907848,200.00,,23254.18
01/04/2022,CHQ#00364-4140472293,945.00,,22309.18
01/05/2022,TD ATM DEP    009466,,178.50,22487.68
01/06/2022,CBSA CUSTOMS U8J4J5 ,1704.58,,20783.10
01/06/2022,ALC MICRO BC IN     ,1039.50,,19743.60
01/06/2022,TD ATM DEP    009848,,48.80,19792.40
01/07/2022,CASH WITHDRAWAL     ,6000.00,,13792.40
01/07/2022,W3W4K5 TFR-TO MING  ,1792.40,,12000.00
01/10/2022,E-TRANSFER ***qUe   ,,90.00,12090.00
01/10/2022,TD ATM DEP    006902,,1000.00,13090.00
01/12/2022,GC 0281-DEPOSIT     ,,2016.00,15106.00
01/13/2022,E-TRANSFER ***YQE   ,,970.00,16076.00
01/14/2022,IOL PAY TO: CRA     ,508.48,,15567.52
01/14/2022,E-TRANSFER ***aPF   ,,325.00,15892.52
01/14/2022,POWERNODE COMPU     ,1197.00,,14695.52
01/17/2022,WIRE TO CUSTOMER    ,4647.32,,10048.20
01/17/2022,CASH WITHDRAWAL     ,50.00,,9998.20
01/18/2022,TD ATM DEP    002909,,4100.00,14098.20
01/21/2022,TD ATM DEP    000283,,1280.00,15378.20
01/24/2022,TD ATM DEP    002603,,189.00,15567.20
01/24/2022,SEND E-TFR ***xBQ   ,380.00,,15187.20
01/25/2022,TD ATM DEP    004749,,409.50,15596.70
01/26/2022,DEPOSIT             ,,800.00,16396.70
01/26/2022,CASH WITHDRAWAL     ,5000.00,,11396.70
01/27/2022,CASH WITHDRAWAL     ,5000.00,,6396.70
01/27/2022,TD ATM W/D    009667,1000.00,,5396.70
01/28/2022,TD ATM DEP    009885,,1081.50,6478.20
01/31/2022,E-TRANSFER ***4wt   ,,409.50,6887.70
01/31/2022,TD ATM DEP    006090,,588.00,7475.70
01/31/2022,MONTHLY PLAN FEE    ,19.00,,7456.70
01/31/2022,SERVICE CHARGE      ,12.50,,7444.20
02/01/2022,K8H5R5 TFR-TO MING  ,1444.20,,6000.00
02/02/2022,POWERNODE COMPU     ,997.50,,5002.50
02/04/2022,GC 9713-DEPOSIT     ,,1900.50,6903.00
02/08/2022,TD ATM DEP    000098,,787.50,7690.50
02/11/2022,SEND E-TFR ***PC2   ,40.23,,7650.27
02/11/2022,E-TRANSFER ***Ubc   ,,409.50,8059.77
02/14/2022,POWERNODE COMPU     ,997.50,,7062.27
02/15/2022,TD ATM DEP    000576,,1890.00,8952.27
02/15/2022,IOL PAY TO: CRA     ,508.48,,8443.79
02/15/2022,CHQ#00373-1142848722,400.00,,8043.79
02/15/2022,CHQ#00379-1142848749,945.00,,7098.79
02/16/2022,POWERNODE COMPU     ,997.50,,6101.29
02/16/2022,E-TRANSFER ***fDc   ,,270.00,6371.29
02/17/2022,TD ATM DEP    001119,,1932.00,8303.29
02/17/2022,TD ATM DEP    001121,,1600.00,9903.29
02/17/2022,GC 0281-DEPOSIT     ,,2373.00,12276.29
02/17/2022,E-TRANSFER ***GPj   ,,420.00,12696.29
02/18/2022,TD ATM DEP    001370,,1260.00,13956.29
02/18/2022,TD ATM DEP    001372,,325.50,14281.79
02/22/2022,TD ATM DEP    004220,,1008.00,15289.79
02/22/2022,SEND E-TFR ***ZQH   ,89.25,,15200.54
02/22/2022,E-TRANSFER ***hhe   ,,976.50,16177.04
02/23/2022,WIRE TO CUSTOMER    ,3767.23,,12409.81
02/23/2022,GC 9713-DEPOSIT     ,,640.00,13049.81
02/23/2022,GC 9713-CASH WITHDRA,2500.00,,10549.81
02/28/2022,MONTHLY PLAN FEE    ,19.00,,10530.81
02/28/2022,SERVICE CHARGE      ,6.25,,10524.56
03/01/2022,TD ATM DEP    004943,,787.50,11312.06
03/02/2022,POWERNODE COMPU     ,997.50,,10314.56
03/02/2022,CHQ#00375-1145110725,945.00,,9369.56
03/03/2022,TD ATM DEP    004248,,787.50,10157.06
03/03/2022,TD ATM DEP    004250,,600.00,10757.06
03/04/2022,CIBC VISA    H2U4Y3 ,241.59,,10515.47
03/04/2022,CIBC VISA    H2U4Y6 ,515.47,,10000.00
03/07/2022,ALC MICRO BC IN     ,638.40,,9361.60
03/07/2022,TD ATM DEP    006889,,1396.50,10758.10
03/07/2022,CHQ#00381-4140456093,577.50,,10180.60
03/11/2022,TD ATM DEP    007179,,766.50,10947.10
03/14/2022,TD ATM DEP    008493,,640.00,11587.10
03/14/2022,L2A6R4 TFR-TO MING  ,1587.10,,10000.00
03/15/2022,TD ATM DEP    001275,,1200.00,11200.00
03/15/2022,TD ATM DEP    001277,,1302.00,12502.00
03/15/2022,POWERNODE COMPU     ,997.50,,11504.50
